1 899.716848
2 901.197645
3 901.914515
4 903.859631
5 904.905527
6 905.320592
7 905.969725
8 906.585299
9 907.181791
10 908.719075
11 910.550770
12 911.062846
13 911.961819
14 913.071478
15 913.722722
16 915.056055
17 916.120754
18 916.507790
19 916.232796
20 916.716146
21 916.709588
22 917.006352
23 916.911160
24 916.336866
25 915.968999
26 915.579079
27 915.232437
28 914.501833
29 913.545247
30 913.699599
31 915.567747
32 917.812540
33 920.451074
34 922.993901
35 925.817692
36 929.722865
37 933.024676
38 936.728910
39 940.730523
40 944.963450
41 948.973605
42 953.583941
43 959.073189
44 963.483336
45 968.925877
46 973.998293
47 978.948251
48 984.116411
49 990.054882
50 995.553218
51 1001.247648
52 1006.806169
53 1012.031305
54 1017.886844
55 1023.846037
56 1030.747452
57 1037.276032
58 1044.204628
59 1051.446337
60 1058.335897
61 1065.066477
62 1072.885609
63 1079.362693
64 1086.044304
65 1092.178639
66 1099.110486
67 1106.734283
68 1113.734792
69 1120.787276
70 1128.316297
71 1136.730363
72 1145.189611
73 1153.153050
74 1161.566286
75 1169.427986
76 1178.573677
77 1188.641026
78 1199.237532
79 1210.573885
80 1221.031349
81 1231.487158
82 1241.536611
83 1251.758659
84 1262.149429
85 1271.825025
86 1280.366060
87 1289.747281
88 1300.815893
89 1312.022295
90 1322.937447
91 1334.487087
92 1347.198121
93 1359.810384
94 1372.954215
95 1386.326059
96 1399.779411
97 1414.154886
98 1429.450431
99 1446.333880
100 1463.114954
101 1480.931631
102 1499.594036
103 1519.859127
104 1539.985595
105 1560.993085
106 1583.579795
107 1607.520385
108 1631.828310
109 1655.620522
110 1668.293340
111 1654.845042
112 1630.491045
113 1607.462626
114 1583.468942
115 1559.987587
116 1538.082480
117 1517.250846
118 1497.013990
119 1477.960233
120 1460.530116
121 1443.786302
122 1427.834484
123 1413.313261
124 1399.118153
125 1385.218215
126 1372.112954
127 1360.284217
128 1348.139359
129 1336.753313
130 1325.797578
131 1314.311340
132 1302.458887
133 1291.243404
134 1281.095222
135 1270.839861
136 1260.883010
137 1252.307894
138 1243.220544
139 1233.024330
140 1223.154630
141 1212.925788
142 1202.382853
143 1192.487317
144 1182.527145
145 1173.116947
146 1164.539882
147 1155.202831
148 1146.736542
149 1139.375347
150 1131.885206
151 1124.288794
152 1117.060237
153 1110.348280
154 1103.515375
155 1095.980272
156 1088.803144
157 1082.690603
158 1075.811671
159 1069.349057
160 1062.184193
161 1054.932386
162 1047.568183
163 1041.271178
164 1035.592932
165 1028.362665
166 1022.210462
167 1016.633813
168 1010.161380
169 1004.670729
170 998.441760
171 993.317858
172 988.839646
173 983.707952
174 978.227105
175 973.953667
176 969.501614
177 963.791152
178 958.115504
179 952.747081
180 948.403485
181 944.930307
182 940.833607
183 936.982877
184 933.278507
185 929.530214
186 925.858847
187 923.361628
188 921.409909
189 919.421533
190 919.149171
191 918.332557
192 918.340030
193 918.974336
194 919.807595
195 920.303066
196 920.943455
197 921.445418
198 921.664928
199 921.840580
200 921.630351
201 921.429414
202 921.538977
203 921.274100
204 920.889861
205 919.819583
206 918.750858
207 918.303058
208 917.527338
209 916.296418
210 915.160892
211 913.456281
212 911.859712
213 910.277730
214 909.114449
215 908.471323
216 907.300079
217 906.245377
218 904.604969
219 902.740290
220 900.801610
221 898.465762
222 896.267352
223 894.566241
224 893.538372
225 892.728572
226 891.090733
227 890.510311
228 889.411834
229 888.820215
230 887.858548
231 887.458762
232 887.127774
233 887.666483
234 887.872555
235 888.257318
236 889.551999
237 891.234301
238 892.684695
239 893.581673
240 894.583959
241 895.809857
242 896.972834
243 899.076188
244 900.997759
245 902.759055
246 904.572744
247 906.381046
248 908.355035
249 910.471371
250 913.433666
251 915.471310
252 916.597908
253 918.263605
254 920.349620
255 922.545892
256 924.580623
257 927.252447
258 929.668908
259 932.164703
260 934.994414
261 937.472907
262 939.833605
263 942.184647
264 944.399113
265 946.391270
266 949.813642
267 953.452756
268 957.049625
269 960.707441
270 964.492379
271 969.033358
272 972.738668
273 974.855744
274 978.216407
275 981.808980
276 985.819134
277 989.870849
278 994.919978
279 1000.598145
280 1005.204062
281 1011.750844
282 1017.657089
283 1026.196131
284 1033.872029
285 1042.548832
286 1050.974679
287 1059.651455
288 1067.514289
289 1076.080684
290 1084.120373
291 1091.734789
292 1098.008478
293 1103.915418
294 1108.214560
295 1112.868131
296 1116.953877
297 1121.509533
298 1125.273166
299 1128.485294
300 1130.830557
301 1133.482448
302 1136.716183
303 1139.324505
304 1141.590749
305 1144.942705
306 1148.559805
307 1150.848276
308 1153.199124
309 1155.462154
310 1157.915036
311 1160.864897
312 1163.584263
313 1165.843884
314 1169.074797
315 1171.123291
316 1174.379261
317 1176.702266
318 1180.380478
319 1182.106791
320 1183.563218
321 1183.840165
322 1184.182134
323 1183.382075
324 1181.747031
325 1178.872008
326 1175.929266
327 1173.430318
328 1171.164748
329 1168.676311
330 1166.523412
331 1164.689073
332 1163.040334
333 1160.836702
334 1158.372406
335 1155.956234
336 1153.975945
337 1151.546445
338 1148.601354
339 1145.118478
340 1141.691268
341 1138.131103
342 1133.023430
343 1128.660504
344 1123.817749
345 1120.111271
346 1115.366544
347 1111.690987
348 1107.708028
349 1104.659401
350 1101.658034
351 1097.990946
352 1094.226005
353 1091.554582
354 1088.273794
355 1085.445409
356 1082.412634
357 1080.404202
358 1080.574339
359 1080.467445
360 1081.252259
361 1081.288211
362 1080.708818
363 1080.540306
364 1081.056410
365 1080.666823
366 1080.657910
367 1081.125644
368 1081.193435
369 1080.182108
370 1079.421823
371 1080.042330
372 1079.544413
373 1079.857213
374 1080.993588
375 1082.889285
376 1084.536965
377 1087.241839
378 1089.989097
379 1093.448041
380 1096.524895
381 1099.090696
382 1101.520338
383 1104.673340
384 1108.270369
385 1113.102058
386 1117.724154
387 1122.810158
388 1127.799960
389 1132.590695
390 1137.906092
391 1142.322817
392 1145.680255
393 1148.659896
394 1151.534133
395 1154.877884
396 1157.233170
397 1159.995921
398 1162.914066
399 1163.891565
400 1166.127309
401 1168.634353
402 1171.680303
403 1174.063233
404 1175.974403
405 1178.299936
406 1181.430759
407 1183.912772
408 1184.190065
409 1183.518073
410 1183.522569
411 1182.234856
412 1181.061594
413 1179.349939
414 1176.178619
415 1172.570656
416 1169.400132
417 1167.723004
418 1164.804535
419 1161.996227
420 1159.772614
421 1157.337549
422 1154.247797
423 1153.109209
424 1149.723089
425 1147.026277
426 1144.421710
427 1142.426835
428 1140.791469
429 1138.050473
430 1135.166230
431 1132.252412
432 1129.777459
433 1126.563958
434 1122.668050
435 1118.518943
436 1114.314202
437 1109.704762
438 1104.098545
439 1098.403929
440 1092.153486
441 1085.456524
442 1078.043701
443 1069.648130
444 1060.586746
445 1051.327009
446 1044.026734
447 1035.879474
448 1027.266810
449 1020.149276
450 1013.257482
451 1008.063793
452 1002.292453
453 996.772275
454 991.940295
455 987.217359
456 982.999837
457 979.584856
458 976.233482
459 972.749294
460 968.995156
461 965.646126
462 961.954495
463 957.807795
464 953.904388
465 950.384950
466 947.318597
467 944.835285
468 942.926828
469 940.549047
470 938.539463
471 936.331010
472 934.107034
473 931.497944
474 927.950299
475 925.490776
476 924.179731
477 922.884927
478 921.094317
479 919.093791
480 916.894750
481 914.786971
482 912.404185
483 910.407778
484 908.162116
485 906.940143
486 905.477669
487 903.227493
488 900.716775
489 899.211988
490 897.338872
491 894.425166
492 892.343110
493 890.930531
494 888.894302
495 888.658368
496 886.986277
497 886.918225
498 887.228701
499 886.628003
500 886.207790
